Webots Project File version R2025a
perspectives: 000000ff00000000fd0000000200000001000000750000033afc0200000001fb0000001400540065007800740045006400690074006f007201000000170000033a0000003f00ffffff000000030000073e00000089fc0100000001fb0000001a0043006f006e0073006f006c00650041006c006c0041006c006c01000000000000073e0000006900ffffff000006c70000033a00000001000000020000000100000008fc00000000
simulationViewPerspectives: 000000ff0000000100000002000000fc0000022a0100000002010000000100
sceneTreePerspectives: 000000ff00000001000000030000001d000000c0000000fa0100000002010000000200
maximizedDockId: -1
centralWidgetVisible: 1
orthographicViewHeight: 1
textFiles: -1
consoles: Console:All:All
renderingDevicePerspectives: mobile_robot:camera;1;0.895833;0;0
renderingDevicePerspectives: mobile_robot:display;1;0.895833;0;0
